
- BREAK INTERACTION -

Init Solution:  3301
--------

actualSolution: 

3081
--------

candidateSolution: 

3081
--------

bestSolution: 

3027
--------

bestSolution: 

3027
--------

bestMatrix: 

0 0 0 0 0 0 0 0 0 0 0 0 0 0 0 0 0 0 0 0 0 0 0 0 0 0 0 0 0 0 0 0 0 0 0 0 0 0 0 0 0 0 0 0 0 0 0 0 0 0 0 0 0 0 0 0 0 0 0 0 0 0 0 0 0 0 0 0 0 0 0 0 0 0 0 0 0 0 0 0 0 0 0 0 0 0 0 0 0 0 0 0 0 0 0 0 0 0 0 0 

1 0 1 0 1 1 1 1 0 1 1 0 1 0 1 0 0 1 0 0 0 0 1 0 1 0 0 0 1 1 0 1 1 1 0 0 1 0 1 1 0 1 1 1 0 1 1 1 0 0 1 0 1 0 1 0 0 1 0 1 1 0 0 1 0 0 1 0 0 0 1 0 1 1 1 0 1 1 0 1 1 0 0 0 1 0 1 0 1 0 0 0 0 0 0 1 0 0 1 1 

0 0 0 0 0 0 0 0 0 0 0 0 0 0 0 0 0 0 0 0 0 0 0 0 0 0 0 0 0 0 0 0 0 0 0 0 0 0 0 0 0 0 0 0 0 0 0 0 0 0 0 0 0 0 0 0 0 0 0 0 0 0 0 0 0 0 0 0 0 0 0 0 0 0 0 0 0 0 0 0 0 0 0 0 0 0 0 0 0 0 0 0 0 0 0 0 0 0 0 0 

0 1 0 1 0 0 0 0 1 0 0 1 0 1 0 1 1 0 1 1 1 1 0 1 0 1 1 1 0 0 1 0 0 0 1 1 0 1 0 0 1 0 0 0 1 0 0 0 1 1 0 1 0 1 0 1 1 0 1 0 0 1 1 0 1 1 0 1 1 1 0 1 0 0 0 0 0 0 0 0 0 0 1 0 0 1 0 0 0 0 0 1 1 1 1 0 1 0 0 0 

0 0 0 0 0 0 0 0 0 0 0 0 0 0 0 0 0 0 0 0 0 0 0 0 0 0 0 0 0 0 0 0 0 0 0 0 0 0 0 0 0 0 0 0 0 0 0 0 0 0 0 0 0 0 0 0 0 0 0 0 0 0 0 0 0 0 0 0 0 0 0 0 0 0 0 0 0 0 0 0 0 0 0 0 0 0 0 0 0 0 0 0 0 0 0 0 0 0 0 0 

--------

--------

Time: 6069.01s - Sat Jun 23 21:38:54 2018

